// holo-bonsai27-ssm-dt.mjs — Bonsai-27B blk.*.ssm_dt.bias [48] f32, byte-true from the SOURCE GGUF
// (prism-ml/Bonsai-27B-gguf/Bonsai-27B-Q1_0.gguf, Range-fetched at each tensor's header offset; the
// offsets were cross-verified byte-equal against the kappa-object's own l0.ssm_a block). These 48
// vectors exist in the GGUF but were NOT enumerated by qvac-ingest buildManifest's qwen35 branch, so
// they are absent from holo-bonsai/kappa/bonsai-27b-q1 — the decay term needs them
// (decay = exp(-exp(A_log)*softplus(alpha+dt_bias)), oracle: holo-qwen35-gpu-real.mjs ssm_dt.bias load).
// Values in HF v-head order (vi-major) — the engine permutes to its group-major order at load.
export const SSM_DT_BIAS = {
  0: Float32Array.from([-2.375,-2.375,2.375,2.375,-2.375,-2.375,2.375,-2.375,-2.375,-2.375,2.375,-2.375,2.375,-2.375,-2.375,2.375,2.375,-2.375,-2.375,-2.375,-2.375,-2.375,2.375,-2.375,-2.375,-2.375,2.375,-2.375,2.375,-2.375,-2.375,2.375,-2.375,-2.375,2.375,2.375,-2.375,-2.375,2.375,-2.375,-2.375,-2.375,2.375,-2.375,2.375,-2.375,-2.375,2.375]),
  1: Float32Array.from([1.203125,-1.203125,-1.203125,-1.203125,1.203125,-1.203125,-1.203125,-1.203125,-1.203125,-1.203125,-1.203125,-1.203125,-1.203125,-1.203125,-1.203125,-1.203125,-1.203125,-1.203125,-1.203125,-1.203125,-1.203125,-1.203125,-1.203125,-1.203125,-1.203125,-1.203125,-1.203125,1.203125,-1.203125,-1.203125,-1.203125,-1.203125,1.203125,-1.203125,-1.203125,-1.203125,1.203125,-1.203125,-1.203125,-1.203125,-1.203125,-1.203125,-1.203125,-1.203125,-1.203125,-1.203125,-1.203125,-1.203125]),
  2: Float32Array.from([-1.5,-1.5,-1.5,-1.5,-1.5,-1.5,-1.5,-1.5,-1.5,-1.5,-1.5,-1.5,-1.5,-1.5,-1.5,-1.5,-1.5,-1.5,-1.5,-1.5,-1.5,-1.5,-1.5,-1.5,-1.5,-1.5,-1.5,-1.5,-1.5,-1.5,-1.5,-1.5,-1.5,-1.5,-1.5,-1.5,-1.5,-1.5,-1.5,-1.5,-1.5,-1.5,-1.5,-1.5,-1.5,-1.5,-1.5,-1.5]),
  4: Float32Array.from([-1.3203125,-1.3203125,-1.3203125,-1.3203125,-1.3203125,-1.3203125,-1.3203125,-1.3203125,-1.3203125,-1.3203125,-1.3203125,-1.3203125,-1.3203125,-1.3203125,-1.3203125,-1.3203125,-1.3203125,-1.3203125,-1.3203125,-1.3203125,-1.3203125,-1.3203125,-1.3203125,-1.3203125,-1.3203125,-1.3203125,-1.3203125,-1.3203125,-1.3203125,-1.3203125,-1.3203125,-1.3203125,-1.3203125,-1.3203125,-1.3203125,-1.3203125,-1.3203125,-1.3203125,-1.3203125,-1.3203125,-1.3203125,-1.3203125,-1.3203125,-1.3203125,-1.3203125,-1.3203125,-1.3203125,-1.3203125]),
  5: Float32Array.from([-1.1484375,-1.1484375,-1.1484375,-1.1484375,-1.1484375,-1.1484375,-1.1484375,-1.1484375,-1.1484375,-1.1484375,-1.1484375,-1.1484375,-1.1484375,-1.1484375,-1.1484375,1.1484375,-1.1484375,-1.1484375,-1.1484375,-1.1484375,-1.1484375,-1.1484375,-1.1484375,-1.1484375,-1.1484375,-1.1484375,-1.1484375,-1.1484375,-1.1484375,-1.1484375,-1.1484375,-1.1484375,-1.1484375,-1.1484375,-1.1484375,-1.1484375,-1.1484375,-1.1484375,-1.1484375,-1.1484375,-1.1484375,-1.1484375,-1.1484375,-1.1484375,-1.1484375,-1.1484375,-1.1484375,1.1484375]),
  6: Float32Array.from([-1.4296875,-1.4296875,-1.4296875,-1.4296875,-1.4296875,-1.4296875,-1.4296875,-1.4296875,-1.4296875,-1.4296875,-1.4296875,-1.4296875,-1.4296875,-1.4296875,-1.4296875,-1.4296875,-1.4296875,-1.4296875,-1.4296875,-1.4296875,-1.4296875,-1.4296875,-1.4296875,-1.4296875,-1.4296875,-1.4296875,-1.4296875,-1.4296875,-1.4296875,-1.4296875,-1.4296875,-1.4296875,-1.4296875,-1.4296875,-1.4296875,-1.4296875,-1.4296875,-1.4296875,-1.4296875,-1.4296875,-1.4296875,-1.4296875,-1.4296875,-1.4296875,-1.4296875,-1.4296875,-1.4296875,-1.4296875]),
  8: Float32Array.from([-1.3046875,-1.3046875,-1.3046875,-1.3046875,1.3046875,-1.3046875,1.3046875,-1.3046875,-1.3046875,-1.3046875,-1.3046875,-1.3046875,-1.3046875,-1.3046875,-1.3046875,1.3046875,-1.3046875,-1.3046875,-1.3046875,-1.3046875,-1.3046875,-1.3046875,-1.3046875,-1.3046875,-1.3046875,-1.3046875,-1.3046875,-1.3046875,-1.3046875,-1.3046875,-1.3046875,-1.3046875,-1.3046875,-1.3046875,-1.3046875,-1.3046875,-1.3046875,-1.3046875,-1.3046875,-1.3046875,-1.3046875,-1.3046875,-1.3046875,-1.3046875,-1.3046875,-1.3046875,-1.3046875,1.3046875]),
  9: Float32Array.from([-1.484375,-1.484375,-1.484375,-1.484375,-1.484375,-1.484375,-1.484375,-1.484375,-1.484375,-1.484375,-1.484375,-1.484375,-1.484375,-1.484375,-1.484375,-1.484375,-1.484375,-1.484375,-1.484375,-1.484375,-1.484375,-1.484375,-1.484375,-1.484375,-1.484375,-1.484375,-1.484375,-1.484375,-1.484375,-1.484375,-1.484375,-1.484375,-1.484375,-1.484375,-1.484375,-1.484375,-1.484375,-1.484375,-1.484375,-1.484375,-1.484375,-1.484375,-1.484375,-1.484375,-1.484375,-1.484375,-1.484375,-1.484375]),
  10: Float32Array.from([-1.5703125,-1.5703125,-1.5703125,-1.5703125,-1.5703125,-1.5703125,1.5703125,-1.5703125,-1.5703125,-1.5703125,-1.5703125,-1.5703125,-1.5703125,-1.5703125,1.5703125,-1.5703125,-1.5703125,-1.5703125,-1.5703125,-1.5703125,-1.5703125,-1.5703125,-1.5703125,-1.5703125,-1.5703125,-1.5703125,-1.5703125,-1.5703125,-1.5703125,-1.5703125,-1.5703125,-1.5703125,-1.5703125,-1.5703125,-1.5703125,-1.5703125,-1.5703125,-1.5703125,-1.5703125,-1.5703125,-1.5703125,-1.5703125,-1.5703125,-1.5703125,-1.5703125,-1.5703125,-1.5703125,-1.5703125]),
  12: Float32Array.from([-1.5,-1.5,-1.5,-1.5,-1.5,-1.5,-1.5,-1.5,-1.5,-1.5,-1.5,-1.5,-1.5,-1.5,-1.5,-1.5,-1.5,-1.5,-1.5,-1.5,-1.5,-1.5,-1.5,-1.5,-1.5,-1.5,-1.5,-1.5,-1.5,-1.5,-1.5,-1.5,-1.5,-1.5,-1.5,-1.5,-1.5,-1.5,-1.5,-1.5,-1.5,-1.5,-1.5,-1.5,-1.5,-1.5,-1.5,-1.5]),
  13: Float32Array.from([-1.4296875,-1.4296875,-1.4296875,-1.4296875,-1.4296875,-1.4296875,-1.4296875,-1.4296875,-1.4296875,-1.4296875,-1.4296875,-1.4296875,-1.4296875,-1.4296875,-1.4296875,-1.4296875,-1.4296875,-1.4296875,-1.4296875,-1.4296875,-1.4296875,-1.4296875,-1.4296875,-1.4296875,-1.4296875,-1.4296875,-1.4296875,-1.4296875,-1.4296875,-1.4296875,-1.4296875,-1.4296875,-1.4296875,-1.4296875,-1.4296875,-1.4296875,-1.4296875,-1.4296875,-1.4296875,-1.4296875,-1.4296875,-1.4296875,-1.4296875,-1.4296875,-1.4296875,-1.4296875,-1.4296875,-1.4296875]),
  14: Float32Array.from([-1.421875,-1.421875,-1.421875,-1.421875,-1.421875,-1.421875,-1.421875,-1.421875,-1.421875,-1.421875,-1.421875,-1.421875,-1.421875,-1.421875,-1.421875,-1.421875,-1.421875,-1.421875,-1.421875,-1.421875,-1.421875,-1.421875,-1.421875,-1.421875,-1.421875,-1.421875,-1.421875,-1.421875,-1.421875,-1.421875,-1.421875,-1.421875,-1.421875,-1.421875,-1.421875,-1.421875,-1.421875,-1.421875,-1.421875,-1.421875,-1.421875,-1.421875,-1.421875,-1.421875,-1.421875,-1.421875,-1.421875,-1.421875]),
  16: Float32Array.from([-1.5234375,-1.5234375,-1.5234375,-1.5234375,-1.5234375,-1.5234375,-1.5234375,-1.5234375,-1.5234375,-1.5234375,-1.5234375,-1.5234375,-1.5234375,-1.5234375,1.5234375,-1.5234375,-1.5234375,-1.5234375,-1.5234375,-1.5234375,-1.5234375,-1.5234375,-1.5234375,-1.5234375,-1.5234375,1.5234375,-1.5234375,-1.5234375,-1.5234375,-1.5234375,-1.5234375,-1.5234375,-1.5234375,-1.5234375,-1.5234375,-1.5234375,-1.5234375,-1.5234375,-1.5234375,-1.5234375,-1.5234375,-1.5234375,-1.5234375,1.5234375,-1.5234375,-1.5234375,-1.5234375,-1.5234375]),
  17: Float32Array.from([-1.5,-1.5,-1.5,-1.5,-1.5,-1.5,-1.5,-1.5,-1.5,-1.5,-1.5,-1.5,-1.5,-1.5,-1.5,1.5,-1.5,-1.5,-1.5,-1.5,-1.5,-1.5,-1.5,-1.5,-1.5,-1.5,-1.5,-1.5,-1.5,-1.5,-1.5,-1.5,-1.5,-1.5,-1.5,-1.5,-1.5,-1.5,-1.5,-1.5,-1.5,-1.5,-1.5,-1.5,-1.5,-1.5,-1.5,1.5]),
  18: Float32Array.from([-1.375,-1.375,-1.375,1.375,-1.375,-1.375,-1.375,-1.375,-1.375,-1.375,-1.375,-1.375,-1.375,-1.375,-1.375,-1.375,-1.375,-1.375,-1.375,-1.375,-1.375,-1.375,-1.375,-1.375,-1.375,-1.375,-1.375,-1.375,-1.375,-1.375,-1.375,-1.375,-1.375,-1.375,-1.375,1.375,-1.375,-1.375,-1.375,-1.375,-1.375,-1.375,-1.375,-1.375,-1.375,-1.375,-1.375,-1.375]),
  20: Float32Array.from([-1.25,-1.25,-1.25,-1.25,-1.25,-1.25,-1.25,-1.25,1.25,-1.25,-1.25,-1.25,-1.25,-1.25,-1.25,1.25,-1.25,-1.25,-1.25,-1.25,-1.25,-1.25,-1.25,-1.25,-1.25,-1.25,-1.25,-1.25,-1.25,-1.25,-1.25,1.25,-1.25,-1.25,-1.25,-1.25,-1.25,-1.25,-1.25,-1.25,1.25,-1.25,-1.25,-1.25,1.25,-1.25,-1.25,1.25]),
  21: Float32Array.from([-1.0546875,-1.0546875,1.0546875,-1.0546875,-1.0546875,-1.0546875,-1.0546875,-1.0546875,-1.0546875,1.0546875,1.0546875,1.0546875,1.0546875,1.0546875,1.0546875,1.0546875,1.0546875,-1.0546875,-1.0546875,-1.0546875,-1.0546875,-1.0546875,-1.0546875,-1.0546875,-1.0546875,-1.0546875,1.0546875,-1.0546875,-1.0546875,-1.0546875,-1.0546875,-1.0546875,-1.0546875,-1.0546875,1.0546875,-1.0546875,-1.0546875,-1.0546875,-1.0546875,-1.0546875,-1.0546875,-1.0546875,-1.0546875,1.0546875,-1.0546875,1.0546875,1.0546875,1.0546875]),
  22: Float32Array.from([-0.70703125,0.70703125,-0.70703125,-0.70703125,0.70703125,0.70703125,-0.70703125,0.70703125,-0.70703125,-0.70703125,-0.70703125,-0.70703125,0.70703125,-0.70703125,-0.70703125,-0.70703125,-0.70703125,0.70703125,-0.70703125,-0.70703125,-0.70703125,0.70703125,-0.70703125,-0.70703125,-0.70703125,0.70703125,-0.70703125,-0.70703125,-0.70703125,-0.70703125,-0.70703125,-0.70703125,-0.70703125,0.70703125,-0.70703125,-0.70703125,0.70703125,0.70703125,-0.70703125,0.70703125,-0.70703125,-0.70703125,-0.70703125,-0.70703125,-0.70703125,-0.70703125,-0.70703125,-0.70703125]),
  24: Float32Array.from([-1.296875,-1.296875,-1.296875,-1.296875,1.296875,-1.296875,-1.296875,-1.296875,-1.296875,-1.296875,-1.296875,-1.296875,-1.296875,-1.296875,-1.296875,1.296875,-1.296875,-1.296875,-1.296875,-1.296875,-1.296875,-1.296875,-1.296875,-1.296875,-1.296875,-1.296875,-1.296875,-1.296875,-1.296875,-1.296875,-1.296875,-1.296875,-1.296875,-1.296875,-1.296875,-1.296875,1.296875,-1.296875,1.296875,-1.296875,-1.296875,-1.296875,-1.296875,-1.296875,-1.296875,-1.296875,-1.296875,1.296875]),
  25: Float32Array.from([-1.484375,-1.484375,-1.484375,-1.484375,-1.484375,-1.484375,-1.484375,-1.484375,-1.484375,-1.484375,-1.484375,-1.484375,-1.484375,-1.484375,-1.484375,-1.484375,-1.484375,-1.484375,-1.484375,-1.484375,-1.484375,-1.484375,-1.484375,-1.484375,-1.484375,-1.484375,-1.484375,-1.484375,-1.484375,-1.484375,-1.484375,-1.484375,-1.484375,-1.484375,-1.484375,-1.484375,-1.484375,-1.484375,-1.484375,-1.484375,-1.484375,-1.484375,-1.484375,-1.484375,-1.484375,-1.484375,-1.484375,-1.484375]),
  26: Float32Array.from([-1.5859375,-1.5859375,-1.5859375,-1.5859375,-1.5859375,-1.5859375,-1.5859375,-1.5859375,-1.5859375,-1.5859375,-1.5859375,-1.5859375,-1.5859375,-1.5859375,-1.5859375,-1.5859375,-1.5859375,-1.5859375,-1.5859375,-1.5859375,-1.5859375,-1.5859375,-1.5859375,-1.5859375,-1.5859375,-1.5859375,-1.5859375,-1.5859375,-1.5859375,-1.5859375,-1.5859375,-1.5859375,-1.5859375,-1.5859375,-1.5859375,-1.5859375,-1.5859375,-1.5859375,-1.5859375,-1.5859375,-1.5859375,-1.5859375,-1.5859375,-1.5859375,-1.5859375,1.5859375,-1.5859375,-1.5859375]),
  28: Float32Array.from([-1.515625,-1.515625,-1.515625,-1.515625,-1.515625,-1.515625,-1.515625,-1.515625,-1.515625,-1.515625,-1.515625,-1.515625,-1.515625,-1.515625,-1.515625,-1.515625,-1.515625,-1.515625,-1.515625,-1.515625,-1.515625,-1.515625,-1.515625,-1.515625,-1.515625,-1.515625,-1.515625,-1.515625,-1.515625,-1.515625,-1.515625,-1.515625,-1.515625,-1.515625,-1.515625,-1.515625,-1.515625,-1.515625,-1.515625,-1.515625,-1.515625,-1.515625,-1.515625,-1.515625,-1.515625,-1.515625,-1.515625,-1.515625]),
  29: Float32Array.from([-1.4296875,-1.4296875,-1.4296875,-1.4296875,-1.4296875,-1.4296875,-1.4296875,-1.4296875,-1.4296875,-1.4296875,-1.4296875,-1.4296875,-1.4296875,-1.4296875,-1.4296875,-1.4296875,-1.4296875,-1.4296875,-1.4296875,-1.4296875,-1.4296875,-1.4296875,-1.4296875,-1.4296875,-1.4296875,-1.4296875,-1.4296875,-1.4296875,-1.4296875,-1.4296875,-1.4296875,-1.4296875,-1.4296875,-1.4296875,-1.4296875,-1.4296875,-1.4296875,-1.4296875,-1.4296875,-1.4296875,-1.4296875,-1.4296875,-1.4296875,-1.4296875,-1.4296875,-1.4296875,-1.4296875,-1.4296875]),
  30: Float32Array.from([-1.421875,-1.421875,-1.421875,-1.421875,-1.421875,1.421875,-1.421875,-1.421875,-1.421875,-1.421875,-1.421875,-1.421875,-1.421875,-1.421875,-1.421875,-1.421875,-1.421875,-1.421875,-1.421875,-1.421875,-1.421875,-1.421875,-1.421875,-1.421875,-1.421875,-1.421875,-1.421875,-1.421875,-1.421875,-1.421875,-1.421875,-1.421875,-1.421875,-1.421875,-1.421875,-1.421875,-1.421875,-1.421875,-1.421875,-1.421875,-1.421875,-1.421875,-1.421875,-1.421875,-1.421875,-1.421875,-1.421875,-1.421875]),
  32: Float32Array.from([-1.5,-1.5,-1.5,-1.5,-1.5,-1.5,-1.5,-1.5,-1.5,-1.5,-1.5,-1.5,-1.5,-1.5,1.5,-1.5,-1.5,-1.5,-1.5,-1.5,-1.5,-1.5,-1.5,-1.5,-1.5,-1.5,-1.5,-1.5,-1.5,-1.5,-1.5,-1.5,-1.5,-1.5,-1.5,-1.5,-1.5,-1.5,-1.5,-1.5,-1.5,-1.5,-1.5,1.5,-1.5,-1.5,-1.5,-1.5]),
  33: Float32Array.from([-1.4453125,-1.4453125,-1.4453125,-1.4453125,-1.4453125,-1.4453125,-1.4453125,-1.4453125,-1.4453125,-1.4453125,-1.4453125,-1.4453125,-1.4453125,-1.4453125,-1.4453125,1.4453125,-1.4453125,-1.4453125,-1.4453125,-1.4453125,-1.4453125,-1.4453125,-1.4453125,-1.4453125,-1.4453125,-1.4453125,-1.4453125,-1.4453125,-1.4453125,-1.4453125,-1.4453125,-1.4453125,-1.4453125,-1.4453125,-1.4453125,-1.4453125,-1.4453125,-1.4453125,-1.4453125,-1.4453125,-1.4453125,-1.4453125,-1.4453125,-1.4453125,-1.4453125,-1.4453125,-1.4453125,1.4453125]),
  34: Float32Array.from([-1.3359375,-1.3359375,-1.3359375,1.3359375,-1.3359375,-1.3359375,-1.3359375,-1.3359375,-1.3359375,-1.3359375,-1.3359375,-1.3359375,-1.3359375,-1.3359375,-1.3359375,-1.3359375,-1.3359375,-1.3359375,-1.3359375,-1.3359375,-1.3359375,-1.3359375,-1.3359375,-1.3359375,-1.3359375,-1.3359375,-1.3359375,-1.3359375,-1.3359375,-1.3359375,-1.3359375,-1.3359375,-1.3359375,-1.3359375,-1.3359375,1.3359375,-1.3359375,-1.3359375,-1.3359375,-1.3359375,-1.3359375,-1.3359375,-1.3359375,-1.3359375,-1.3359375,-1.3359375,-1.3359375,-1.3359375]),
  36: Float32Array.from([-1.2109375,-1.2109375,-1.2109375,-1.2109375,-1.2109375,-1.2109375,-1.2109375,-1.2109375,1.2109375,-1.2109375,-1.2109375,-1.2109375,1.2109375,-1.2109375,-1.2109375,1.2109375,-1.2109375,-1.2109375,-1.2109375,-1.2109375,-1.2109375,-1.2109375,-1.2109375,-1.2109375,-1.2109375,-1.2109375,-1.2109375,-1.2109375,-1.2109375,-1.2109375,-1.2109375,1.2109375,-1.2109375,-1.2109375,-1.2109375,-1.2109375,-1.2109375,-1.2109375,-1.2109375,-1.2109375,1.2109375,-1.2109375,-1.2109375,-1.2109375,1.2109375,-1.2109375,-1.2109375,1.2109375]),
  37: Float32Array.from([-1.0546875,-1.0546875,1.0546875,-1.0546875,-1.0546875,-1.0546875,-1.0546875,-1.0546875,-1.0546875,1.0546875,1.0546875,1.0546875,1.0546875,1.0546875,1.0546875,1.0546875,1.0546875,-1.0546875,-1.0546875,-1.0546875,-1.0546875,-1.0546875,-1.0546875,-1.0546875,-1.0546875,-1.0546875,1.0546875,-1.0546875,-1.0546875,-1.0546875,1.0546875,1.0546875,-1.0546875,-1.0546875,1.0546875,-1.0546875,-1.0546875,-1.0546875,-1.0546875,-1.0546875,-1.0546875,1.0546875,-1.0546875,1.0546875,1.0546875,1.0546875,1.0546875,1.0546875]),
  38: Float32Array.from([-0.66796875,0.66796875,-0.66796875,-0.66796875,0.66796875,0.66796875,-0.66796875,0.66796875,-0.66796875,-0.66796875,-0.66796875,-0.66796875,-0.66796875,-0.66796875,-0.66796875,-0.66796875,-0.66796875,0.66796875,-0.66796875,-0.66796875,-0.66796875,0.66796875,-0.66796875,-0.66796875,-0.66796875,0.66796875,-0.66796875,0.66796875,-0.66796875,-0.66796875,-0.66796875,-0.66796875,-0.66796875,0.66796875,-0.66796875,-0.66796875,0.66796875,0.66796875,-0.66796875,0.66796875,-0.66796875,-0.66796875,-0.66796875,0.66796875,0.66796875,-0.66796875,-0.66796875,-0.66796875]),
  40: Float32Array.from([-1.2421875,-1.2421875,-1.2421875,-1.2421875,1.2421875,-1.2421875,1.2421875,-1.2421875,-1.2421875,-1.2421875,-1.2421875,-1.2421875,-1.2421875,-1.2421875,-1.2421875,1.2421875,-1.2421875,-1.2421875,-1.2421875,-1.2421875,-1.2421875,-1.2421875,-1.2421875,-1.2421875,-1.2421875,-1.2421875,-1.2421875,-1.2421875,-1.2421875,-1.2421875,-1.2421875,-1.2421875,-1.2421875,-1.2421875,-1.2421875,-1.2421875,1.2421875,-1.2421875,-1.2421875,-1.2421875,-1.2421875,-1.2421875,-1.2421875,-1.2421875,-1.2421875,-1.2421875,-1.2421875,1.2421875]),
  41: Float32Array.from([-1.4140625,-1.4140625,-1.4140625,-1.4140625,-1.4140625,-1.4140625,-1.4140625,-1.4140625,-1.4140625,-1.4140625,-1.4140625,-1.4140625,-1.4140625,-1.4140625,-1.4140625,-1.4140625,-1.4140625,-1.4140625,-1.4140625,-1.4140625,-1.4140625,-1.4140625,-1.4140625,-1.4140625,-1.4140625,-1.4140625,-1.4140625,-1.4140625,-1.4140625,-1.4140625,-1.4140625,-1.4140625,-1.4140625,-1.4140625,-1.4140625,-1.4140625,-1.4140625,-1.4140625,-1.4140625,-1.4140625,-1.4140625,-1.4140625,-1.4140625,-1.4140625,-1.4140625,-1.4140625,-1.4140625,-1.4140625]),
  42: Float32Array.from([-1.5078125,-1.5078125,-1.5078125,-1.5078125,-1.5078125,-1.5078125,-1.5078125,-1.5078125,-1.5078125,-1.5078125,-1.5078125,-1.5078125,-1.5078125,-1.5078125,1.5078125,-1.5078125,-1.5078125,-1.5078125,-1.5078125,-1.5078125,-1.5078125,-1.5078125,-1.5078125,-1.5078125,-1.5078125,-1.5078125,-1.5078125,-1.5078125,-1.5078125,-1.5078125,-1.5078125,-1.5078125,-1.5078125,-1.5078125,-1.5078125,-1.5078125,-1.5078125,-1.5078125,1.5078125,-1.5078125,-1.5078125,-1.5078125,1.5078125,-1.5078125,-1.5078125,1.5078125,1.5078125,-1.5078125]),
  44: Float32Array.from([-1.4296875,-1.4296875,-1.4296875,-1.4296875,-1.4296875,-1.4296875,-1.4296875,-1.4296875,-1.4296875,-1.4296875,-1.4296875,-1.4296875,-1.4296875,-1.4296875,-1.4296875,-1.4296875,-1.4296875,-1.4296875,-1.4296875,-1.4296875,-1.4296875,-1.4296875,-1.4296875,-1.4296875,-1.4296875,-1.4296875,-1.4296875,-1.4296875,-1.4296875,-1.4296875,-1.4296875,-1.4296875,-1.4296875,-1.4296875,-1.4296875,-1.4296875,-1.4296875,-1.4296875,-1.4296875,-1.4296875,-1.4296875,-1.4296875,-1.4296875,-1.4296875,-1.4296875,-1.4296875,-1.4296875,-1.4296875]),
  45: Float32Array.from([-1.3515625,-1.3515625,-1.3515625,-1.3515625,-1.3515625,-1.3515625,-1.3515625,-1.3515625,-1.3515625,-1.3515625,-1.3515625,-1.3515625,-1.3515625,-1.3515625,-1.3515625,-1.3515625,-1.3515625,-1.3515625,-1.3515625,-1.3515625,-1.3515625,-1.3515625,-1.3515625,-1.3515625,-1.3515625,-1.3515625,-1.3515625,-1.3515625,-1.3515625,-1.3515625,-1.3515625,-1.3515625,-1.3515625,-1.3515625,-1.3515625,-1.3515625,-1.3515625,-1.3515625,-1.3515625,-1.3515625,-1.3515625,-1.3515625,-1.3515625,-1.3515625,-1.3515625,-1.3515625,-1.3515625,-1.3515625]),
  46: Float32Array.from([-1.3359375,-1.3359375,-1.3359375,-1.3359375,-1.3359375,-1.3359375,-1.3359375,-1.3359375,-1.3359375,-1.3359375,-1.3359375,-1.3359375,-1.3359375,-1.3359375,-1.3359375,-1.3359375,-1.3359375,-1.3359375,-1.3359375,-1.3359375,-1.3359375,-1.3359375,-1.3359375,-1.3359375,-1.3359375,-1.3359375,-1.3359375,-1.3359375,-1.3359375,-1.3359375,-1.3359375,-1.3359375,-1.3359375,-1.3359375,-1.3359375,-1.3359375,-1.3359375,1.3359375,-1.3359375,-1.3359375,-1.3359375,-1.3359375,-1.3359375,-1.3359375,-1.3359375,-1.3359375,-1.3359375,-1.3359375]),
  48: Float32Array.from([-1.4453125,-1.4453125,-1.4453125,-1.4453125,-1.4453125,-1.4453125,-1.4453125,-1.4453125,-1.4453125,-1.4453125,-1.4453125,1.4453125,-1.4453125,-1.4453125,1.4453125,-1.4453125,-1.4453125,-1.4453125,-1.4453125,-1.4453125,-1.4453125,-1.4453125,-1.4453125,-1.4453125,-1.4453125,1.4453125,-1.4453125,-1.4453125,-1.4453125,-1.4453125,-1.4453125,-1.4453125,-1.4453125,-1.4453125,-1.4453125,-1.4453125,-1.4453125,-1.4453125,-1.4453125,-1.4453125,-1.4453125,-1.4453125,-1.4453125,1.4453125,-1.4453125,-1.4453125,1.4453125,-1.4453125]),
  49: Float32Array.from([-1.3984375,-1.3984375,-1.3984375,-1.3984375,-1.3984375,-1.3984375,-1.3984375,-1.3984375,-1.3984375,-1.3984375,-1.3984375,-1.3984375,-1.3984375,-1.3984375,-1.3984375,1.3984375,-1.3984375,-1.3984375,-1.3984375,-1.3984375,-1.3984375,-1.3984375,-1.3984375,-1.3984375,-1.3984375,-1.3984375,-1.3984375,-1.3984375,-1.3984375,-1.3984375,-1.3984375,-1.3984375,-1.3984375,-1.3984375,-1.3984375,-1.3984375,-1.3984375,-1.3984375,-1.3984375,-1.3984375,-1.3984375,-1.3984375,-1.3984375,-1.3984375,-1.3984375,-1.3984375,-1.3984375,1.3984375]),
  50: Float32Array.from([-1.2578125,-1.2578125,-1.2578125,1.2578125,-1.2578125,-1.2578125,-1.2578125,-1.2578125,-1.2578125,-1.2578125,-1.2578125,-1.2578125,-1.2578125,-1.2578125,-1.2578125,-1.2578125,-1.2578125,-1.2578125,-1.2578125,-1.2578125,-1.2578125,-1.2578125,-1.2578125,-1.2578125,-1.2578125,-1.2578125,-1.2578125,-1.2578125,-1.2578125,-1.2578125,-1.2578125,-1.2578125,-1.2578125,-1.2578125,-1.2578125,1.2578125,-1.2578125,-1.2578125,-1.2578125,-1.2578125,-1.2578125,-1.2578125,-1.2578125,-1.2578125,-1.2578125,-1.2578125,-1.2578125,-1.2578125]),
  52: Float32Array.from([-1.203125,-1.203125,-1.203125,-1.203125,-1.203125,-1.203125,-1.203125,-1.203125,1.203125,-1.203125,-1.203125,-1.203125,1.203125,-1.203125,-1.203125,1.203125,-1.203125,-1.203125,-1.203125,-1.203125,-1.203125,-1.203125,-1.203125,-1.203125,-1.203125,-1.203125,-1.203125,-1.203125,-1.203125,-1.203125,-1.203125,1.203125,-1.203125,1.203125,-1.203125,-1.203125,-1.203125,-1.203125,-1.203125,-1.203125,1.203125,-1.203125,-1.203125,-1.203125,1.203125,-1.203125,-1.203125,1.203125]),
  53: Float32Array.from([-1.078125,-1.078125,1.078125,-1.078125,-1.078125,-1.078125,-1.078125,-1.078125,-1.078125,1.078125,-1.078125,1.078125,1.078125,1.078125,1.078125,1.078125,1.078125,-1.078125,-1.078125,-1.078125,-1.078125,1.078125,-1.078125,-1.078125,-1.078125,-1.078125,1.078125,-1.078125,-1.078125,-1.078125,1.078125,1.078125,-1.078125,-1.078125,1.078125,-1.078125,-1.078125,-1.078125,-1.078125,-1.078125,-1.078125,1.078125,1.078125,1.078125,1.078125,1.078125,1.078125,1.078125]),
  54: Float32Array.from([-0.72265625,0.72265625,-0.72265625,-0.72265625,0.72265625,0.72265625,-0.72265625,0.72265625,-0.72265625,-0.72265625,-0.72265625,0.72265625,0.72265625,0.72265625,-0.72265625,-0.72265625,-0.72265625,0.72265625,-0.72265625,-0.72265625,-0.72265625,0.72265625,-0.72265625,-0.72265625,-0.72265625,0.72265625,-0.72265625,0.72265625,-0.72265625,-0.72265625,-0.72265625,-0.72265625,-0.72265625,0.72265625,-0.72265625,-0.72265625,0.72265625,0.72265625,-0.72265625,0.72265625,-0.72265625,-0.72265625,-0.72265625,-0.72265625,0.72265625,-0.72265625,-0.72265625,-0.72265625]),
  56: Float32Array.from([1.0078125,-1.0078125,-1.0078125,-1.0078125,-1.0078125,1.0078125,1.0078125,1.0078125,1.0078125,-1.0078125,-1.0078125,1.0078125,-1.0078125,-1.0078125,1.0078125,-1.0078125,1.0078125,-1.0078125,-1.0078125,1.0078125,-1.0078125,-1.0078125,1.0078125,1.0078125,1.0078125,-1.0078125,-1.0078125,-1.0078125,-1.0078125,-1.0078125,1.0078125,1.0078125,1.0078125,-1.0078125,-1.0078125,-1.0078125,-1.0078125,1.0078125,1.0078125,1.0078125,1.0078125,-1.0078125,-1.0078125,-1.0078125,-1.0078125,-1.0078125,1.0078125,-1.0078125]),
  57: Float32Array.from([-0.80078125,-0.80078125,-0.80078125,-0.80078125,-0.80078125,0.80078125,0.80078125,-0.80078125,0.80078125,0.80078125,0.80078125,-0.80078125,-0.80078125,0.80078125,-0.80078125,-0.80078125,-0.80078125,-0.80078125,0.80078125,-0.80078125,-0.80078125,0.80078125,0.80078125,-0.80078125,0.80078125,-0.80078125,0.80078125,0.80078125,-0.80078125,-0.80078125,-0.80078125,-0.80078125,-0.80078125,-0.80078125,-0.80078125,-0.80078125,-0.80078125,0.80078125,0.80078125,-0.80078125,0.80078125,0.80078125,0.80078125,-0.80078125,-0.80078125,0.80078125,-0.80078125,-0.80078125]),
  58: Float32Array.from([0.765625,-0.765625,0.765625,0.765625,0.765625,0.765625,-0.765625,-0.765625,-0.765625,0.765625,0.765625,0.765625,-0.765625,-0.765625,-0.765625,0.765625,0.765625,-0.765625,0.765625,0.765625,0.765625,0.765625,-0.765625,0.765625,-0.765625,-0.765625,0.765625,0.765625,-0.765625,-0.765625,-0.765625,0.765625,0.765625,-0.765625,0.765625,0.765625,0.765625,0.765625,-0.765625,0.765625,-0.765625,0.765625,0.765625,0.765625,0.765625,-0.765625,-0.765625,0.765625]),
  60: Float32Array.from([0.703125,0.703125,0.703125,0.703125,0.703125,-0.703125,-0.703125,-0.703125,-0.703125,0.703125,0.703125,0.703125,0.703125,0.703125,-0.703125,0.703125,-0.703125,-0.703125,0.703125,-0.703125,-0.703125,-0.703125,-0.703125,-0.703125,0.703125,-0.703125,0.703125,-0.703125,0.703125,0.703125,-0.703125,0.703125,0.703125,0.703125,0.703125,0.703125,0.703125,-0.703125,-0.703125,0.703125,0.703125,0.703125,0.703125,0.703125,-0.703125,0.703125,-0.703125,0.703125]),
  61: Float32Array.from([-0.69921875,-0.69921875,0.69921875,0.69921875,-0.69921875,0.69921875,-0.69921875,0.69921875,-0.69921875,0.69921875,-0.69921875,0.69921875,-0.69921875,0.69921875,-0.69921875,0.69921875,0.69921875,-0.69921875,-0.69921875,0.69921875,-0.69921875,-0.69921875,-0.69921875,0.69921875,-0.69921875,0.69921875,-0.69921875,-0.69921875,0.69921875,0.69921875,0.69921875,-0.69921875,-0.69921875,-0.69921875,0.69921875,0.69921875,-0.69921875,0.69921875,-0.69921875,0.69921875,-0.69921875,-0.69921875,-0.69921875,0.69921875,-0.69921875,0.69921875,-0.69921875,0.69921875]),
  62: Float32Array.from([1.0703125,-1.0703125,-1.0703125,1.0703125,1.0703125,-1.0703125,1.0703125,-1.0703125,-1.0703125,-1.0703125,-1.0703125,-1.0703125,-1.0703125,1.0703125,1.0703125,-1.0703125,-1.0703125,-1.0703125,-1.0703125,1.0703125,-1.0703125,-1.0703125,-1.0703125,1.0703125,-1.0703125,-1.0703125,-1.0703125,-1.0703125,-1.0703125,-1.0703125,-1.0703125,1.0703125,1.0703125,-1.0703125,1.0703125,1.0703125,1.0703125,-1.0703125,1.0703125,-1.0703125,-1.0703125,1.0703125,-1.0703125,-1.0703125,-1.0703125,1.0703125,1.0703125,-1.0703125]),
};
export default SSM_DT_BIAS;
